NAME,COUNT,PCT2PRACE,PCTAIAN,PCTAPI,PCTBLACK,PCTHISPANIC,PCTWHITE,NAME
AARON,3646,0.137,0.055,2.057,3.264,2.88,91.607,AARON
ABBAS,59,0.0,0.0,25.424,3.39,0.0,71.186,ABBAS
ABBEY,57,0.0,0.0,0.0,3.509,0.0,96.491,ABBEY
ABBIE,74,0.0,0.0,0.0,2.703,1.351,95.946,ABBIE
ABBY,262,0.0,0.0,2.29,1.527,1.527,94.656,ABBY
ABDUL,221,0.452,0.452,47.511,6.787,0.452,44.344,ABDUL
ABDULLAH,44,0.0,0.0,22.727,9.091,2.273,65.909,ABDULLAH
ABE,31,0.0,0.0,3.226,12.903,6.452,77.419,ABE
ABEL,327,0.0,0.0,2.446,2.141,82.569,12.844,ABEL
ABELARDO,76,0.0,0.0,11.842,0.0,78.947,9.211,ABELARDO
ABHIJIT,34,0.0,0.0,82.353,0.0,0.0,17.647,ABHIJIT
ABHISHEK,18,0.0,0.0,100.0,0.0,0.0,0.0,ABHISHEK
ABIGAIL,418,0.0,0.0,4.785,1.435,12.201,81.579,ABIGAIL
ABNER,41,0.0,0.0,14.634,12.195,39.024,34.146,ABNER
ABRAHAM,413,0.0,1.453,12.349,7.748,30.751,47.7,ABRAHAM
ABRAM,43,0.0,0.0,2.326,6.977,9.302,81.395,ABRAM
ADA,199,0.0,0.503,8.543,7.035,30.653,53.266,ADA
ADALBERTO,69,0.0,0.0,0.0,0.0,94.203,5.797,ADALBERTO
ADAM,4725,0.127,0.085,1.016,0.635,1.989,96.148,ADAM
ADAN,146,0.0,0.0,0.685,2.055,91.781,5.479,ADAN
ADDIE,49,0.0,2.041,2.041,26.531,2.041,67.347,ADDIE
ADEL,77,0.0,0.0,14.286,5.195,9.091,71.429,ADEL
ADELA,122,0.0,0.0,8.197,0.0,63.115,28.689,ADELA
ADELAIDA,44,0.0,0.0,34.091,0.0,52.273,13.636,ADELAIDA
ADELAIDE,41,0.0,0.0,0.0,12.195,12.195,75.61,ADELAIDE
ADELE,193,0.518,0.0,2.591,2.591,0.518,93.782,ADELE
ADELINA,62,0.0,1.613,8.065,1.613,62.903,25.806,ADELINA
ADELINE,66,1.515,0.0,15.152,7.576,10.606,65.152,ADELINE
ADINA,55,0.0,0.0,1.818,5.455,3.636,89.091,ADINA
ADMIR,15,0.0,0.0,0.0,0.0,0.0,100.0,ADMIR
ADNAN,66,0.0,1.515,30.303,1.515,0.0,66.667,ADNAN
ADOLFO,179,0.0,0.0,2.235,0.559,87.151,10.056,ADOLFO
ADOLPH,44,0.0,0.0,0.0,15.909,11.364,72.727,ADOLPH
ADRIA,40,0.0,0.0,0.0,0.0,10.0,90.0,ADRIA
ADRIAN,865,0.347,0.347,2.659,11.098,36.301,49.249,ADRIAN
ADRIANA,489,0.0,0.204,0.613,0.818,62.372,35.992,ADRIANA
ADRIANE,58,0.0,0.0,1.724,15.517,6.897,75.862,ADRIANE
ADRIANNA,30,0.0,0.0,3.333,3.333,43.333,50.0,ADRIANNA
ADRIANNE,95,0.0,0.0,1.053,6.316,3.158,89.474,ADRIANNE
ADRIENNE,644,0.155,0.155,1.553,12.733,2.019,83.385,ADRIENNE
AFSHIN,37,2.703,0.0,13.514,0.0,0.0,83.784,AFSHIN
AGATA,48,0.0,0.0,0.0,0.0,2.083,97.917,AGATA
AGATHA,36,0.0,2.778,16.667,16.667,2.778,61.111,AGATHA
AGNES,352,0.0,0.568,17.614,10.795,3.125,67.898,AGNES
AGNIESZKA,104,0.0,0.0,0.962,0.962,1.923,96.154,AGNIESZKA
AGUSTIN,239,0.0,0.0,3.766,0.418,89.958,5.858,AGUSTIN
AHMAD,163,0.613,1.227,26.38,3.681,0.613,67.485,AHMAD
AHMED,176,2.273,0.0,22.727,8.523,1.136,65.341,AHMED
AHMET,32,0.0,0.0,3.125,0.0,6.25,90.625,AHMET
AI,31,0.0,0.0,87.097,0.0,3.226,9.677,AI
AIDA,214,0.0,0.0,15.421,0.935,45.794,37.85,AIDA
AILEEN,186,0.538,0.0,22.581,2.151,9.14,65.591,AILEEN
AIMEE,611,0.164,0.164,3.11,0.327,2.782,93.453,AIMEE
AISHA,72,0.0,0.0,9.722,59.722,5.556,25.0,AISHA
AJAY,154,0.649,1.948,70.779,0.649,0.649,25.325,AJAY
AJIT,68,0.0,0.0,77.941,0.0,1.471,20.588,AJIT
AKBAR,31,0.0,0.0,51.613,0.0,0.0,48.387,AKBAR
AKIKO,33,0.0,0.0,66.667,3.03,3.03,27.273,AKIKO
AL,92,0.0,1.087,8.696,10.87,5.435,73.913,AL
ALAIN,114,0.877,0.0,7.895,10.526,14.035,66.667,ALAIN
ALAINA,55,0.0,0.0,1.818,1.818,1.818,94.545,ALAINA
ALAN,4795,0.063,0.104,4.797,1.064,1.502,92.471,ALAN
ALANA,153,0.0,0.0,1.307,8.497,5.229,84.967,ALANA
ALANE,22,0.0,0.0,0.0,0.0,0.0,100.0,ALANE
ALANNA,53,0.0,1.887,1.887,0.0,0.0,96.226,ALANNA
ALASTAIR,18,0.0,0.0,0.0,0.0,0.0,100.0,ALASTAIR
ALBA,113,0.0,0.0,0.885,0.0,82.301,16.814,ALBA
ALBERT,2425,0.165,0.206,7.546,7.464,9.526,75.093,ALBERT
ALBERTA,132,0.0,0.0,2.273,27.273,7.576,62.879,ALBERTA
ALBERTO,674,0.0,0.297,6.825,0.445,81.306,11.128,ALBERTO
ALDEN,38,0.0,0.0,10.526,2.632,7.895,78.947,ALDEN
ALDO,114,0.0,0.0,3.509,0.0,58.772,37.719,ALDO
ALEC,109,0.0,0.0,8.257,1.835,0.0,89.908,ALEC
ALECIA,89,0.0,2.247,0.0,16.854,2.247,78.652,ALECIA
ALEJANDRA,183,0.0,0.0,3.279,0.0,87.978,8.743,ALEJANDRA
ALEJANDRO,821,0.0,0.0,2.801,0.122,90.134,6.943,ALEJANDRO
ALEKSANDAR,30,0.0,0.0,0.0,0.0,0.0,100.0,ALEKSANDAR
ALEKSANDER,33,3.03,0.0,0.0,0.0,0.0,96.97,ALEKSANDER
ALEKSANDR,185,0.0,0.0,1.081,0.0,0.541,98.378,ALEKSANDR
ALEKSANDRA,47,0.0,0.0,0.0,0.0,0.0,100.0,ALEKSANDRA
ALEKSEY,53,0.0,0.0,3.774,0.0,0.0,96.226,ALEKSEY
ALEN,31,0.0,0.0,6.452,0.0,3.226,90.323,ALEN
ALENA,58,0.0,0.0,3.448,8.621,1.724,86.207,ALENA
ALENE,31,3.226,0.0,3.226,6.452,0.0,87.097,ALENE
ALESHA,36,0.0,0.0,0.0,16.667,2.778,80.556,ALESHA
ALESIA,49,0.0,0.0,0.0,32.653,6.122,61.224,ALESIA
ALESSANDRA,34,0.0,0.0,0.0,0.0,8.824,91.176,ALESSANDRA
ALESSANDRO,46,0.0,0.0,4.348,2.174,4.348,89.13,ALESSANDRO
ALETA,49,0.0,0.0,0.0,8.163,2.041,89.796,ALETA
ALEX,1371,0.292,0.219,12.983,3.136,18.964,64.406,ALEX
ALEXA,78,0.0,0.0,0.0,2.564,2.564,94.872,ALEXA
ALEXANDER,2247,0.267,0.134,6.631,2.759,8.678,81.531,ALEXANDER
ALEXANDR,18,0.0,0.0,0.0,0.0,0.0,100.0,ALEXANDR
ALEXANDRA,504,0.397,0.198,1.984,1.19,10.714,85.516,ALEXANDRA
ALEXANDRE,80,0.0,0.0,3.75,2.5,10.0,83.75,ALEXANDRE
ALEXANDRIA,92,0.0,1.087,4.348,2.174,7.609,84.783,ALEXANDRIA
ALEXANDRU,31,0.0,0.0,0.0,0.0,6.452,93.548,ALEXANDRU
ALEXEI,30,0.0,0.0,0.0,0.0,0.0,100.0,ALEXEI
ALEXEY,21,0.0,0.0,0.0,0.0,0.0,100.0,ALEXEY
ALEXIA,38,0.0,0.0,2.632,10.526,0.0,86.842,ALEXIA
ALEXIS,452,0.221,0.0,2.876,5.088,14.159,77.655,ALEXIS
ALF,15,0.0,0.0,0.0,0.0,0.0,100.0,ALF
ALFONSO,482,0.207,0.0,4.564,3.942,78.216,13.071,ALFONSO
ALFRED,1237,0.162,0.081,4.689,9.054,10.186,75.829,ALFRED
ALFREDA,35,0.0,0.0,2.857,71.429,2.857,22.857,ALFREDA
ALFREDO,687,0.0,0.0,7.86,0.728,80.64,10.771,ALFREDO
ALI,514,0.584,0.973,19.455,4.28,1.946,72.763,ALI
ALIA,30,0.0,0.0,16.667,3.333,6.667,73.333,ALIA
ALICE,1923,0.312,0.208,8.164,6.292,4.888,80.135,ALICE
ALICIA,1719,0.175,0.116,2.734,5.934,24.375,66.667,ALICIA
ALICJA,31,0.0,0.0,0.0,0.0,0.0,100.0,ALICJA
ALIDA,34,0.0,0.0,0.0,2.941,23.529,73.529,ALIDA
ALINA,137,0.0,0.0,3.65,2.19,21.168,72.993,ALINA
ALINE,58,0.0,0.0,6.897,10.345,1.724,81.034,ALINE
ALIREZA,73,0.0,0.0,5.479,0.0,1.37,93.151,ALIREZA
ALISA,338,0.0,0.0,3.846,7.396,2.071,86.686,ALISA
ALISHA,213,0.469,0.469,0.469,10.329,3.286,84.977,ALISHA
ALISON,1403,0.071,0.0,1.568,1.283,0.784,96.294,ALISON
ALISSA,224,0.0,0.446,0.893,1.786,1.339,95.536,ALISSA
ALISTAIR,26,0.0,0.0,0.0,0.0,0.0,100.0,ALISTAIR
ALIX,37,2.703,0.0,2.703,13.514,5.405,75.676,ALIX
ALIZA,33,0.0,3.03,0.0,9.091,6.061,81.818,ALIZA
ALKA,36,0.0,2.778,80.556,0.0,0.0,16.667,ALKA
ALLA,126,0.0,0.0,0.0,0.0,0.794,99.206,ALLA
ALLAN,1113,0.27,0.09,7.457,1.887,2.066,88.23,ALLAN
ALLEN,1912,0.471,0.052,5.178,4.498,1.046,88.755,ALLEN
ALLENE,31,0.0,0.0,6.452,22.581,0.0,70.968,ALLENE
ALLISON,1774,0.169,0.0,1.917,1.917,0.62,95.378,ALLISON
ALLYN,57,0.0,0.0,0.0,3.509,5.263,91.228,ALLYN
ALLYSON,255,0.0,0.0,0.784,3.137,0.0,96.078,ALLYSON
ALMA,611,0.0,0.0,5.074,7.201,56.137,31.588,ALMA
ALOK,36,0.0,2.778,72.222,2.778,0.0,22.222,ALOK
ALON,33,0.0,0.0,6.061,3.03,0.0,90.909,ALON
ALONSO,51,0.0,0.0,1.961,1.961,82.353,13.725,ALONSO
ALONZO,81,0.0,0.0,2.469,44.444,18.519,34.568,ALONZO
ALPHONSE,49,0.0,0.0,0.0,14.286,2.041,83.673,ALPHONSE
ALPHONSO,56,0.0,0.0,1.786,76.786,7.143,14.286,ALPHONSO
ALTA,47,0.0,0.0,2.128,6.383,0.0,91.489,ALTA
ALTAGRACIA,43,0.0,0.0,2.326,0.0,90.698,6.977,ALTAGRACIA
ALTHEA,77,0.0,0.0,5.195,50.649,2.597,41.558,ALTHEA
ALTON,127,0.0,0.787,2.362,22.047,0.787,74.016,ALTON
ALVA,71,0.0,0.0,5.634,15.493,25.352,53.521,ALVA
ALVARO,272,0.0,0.0,0.368,0.0,87.132,12.5,ALVARO
ALVIN,595,0.0,0.0,12.773,21.008,3.866,62.353,ALVIN
ALYCE,103,0.0,0.0,0.971,6.796,1.942,90.291,ALYCE
ALYCIA,51,0.0,0.0,0.0,7.843,3.922,88.235,ALYCIA
ALYSE,25,0.0,0.0,0.0,0.0,0.0,100.0,ALYSE
ALYSIA,33,0.0,0.0,0.0,0.0,0.0,100.0,ALYSIA
ALYSON,193,0.0,0.0,1.036,1.554,1.036,96.373,ALYSON
ALYSSA,321,0.312,0.0,2.804,0.312,4.673,91.9,ALYSSA
AMADO,64,0.0,0.0,26.563,0.0,68.75,4.688,AMADO
AMADOR,35,0.0,0.0,14.286,0.0,80.0,5.714,AMADOR
AMAL,52,0.0,0.0,25.0,7.692,0.0,67.308,AMAL
AMALIA,111,0.0,0.901,7.207,0.0,57.658,34.234,AMALIA
AMANDA,4395,0.205,0.205,0.933,1.206,3.14,94.312,AMANDA
AMAR,43,0.0,0.0,48.837,2.326,2.326,46.512,AMAR
AMARJIT,45,0.0,0.0,82.222,0.0,2.222,15.556,AMARJIT
AMBER,1557,0.128,0.193,0.771,1.991,1.863,95.055,AMBER
AMELIA,439,0.0,0.0,10.706,5.467,22.096,61.731,AMELIA
AMER,33,0.0,0.0,33.333,0.0,0.0,66.667,AMER
AMI,115,0.0,0.0,13.043,4.348,0.87,81.739,AMI
AMIE,220,0.0,0.0,2.273,3.636,1.364,92.727,AMIE
AMIN,52,0.0,1.923,25.0,7.692,5.769,59.615,AMIN
AMINA,30,0.0,0.0,26.667,26.667,0.0,46.667,AMINA
AMIR,209,1.435,0.478,18.182,2.392,1.914,75.598,AMIR
AMIT,233,0.0,0.858,73.82,0.429,0.0,24.893,AMIT
AMITA,46,0.0,6.522,67.391,0.0,0.0,26.087,AMITA
AMOS,103,0.0,0.0,4.854,22.33,7.767,65.049,AMOS
AMPARO,87,0.0,0.0,5.747,0.0,86.207,8.046,AMPARO
AMY,9775,0.102,0.143,2.844,0.358,0.992,95.56,AMY
AN,111,0.0,0.0,96.396,0.0,0.0,3.604,AN
ANA,1656,0.121,0.0,2.295,0.906,73.249,23.43,ANA
ANABEL,49,0.0,0.0,4.082,0.0,83.673,12.245,ANABEL
ANAND,137,0.0,2.92,74.453,0.0,0.73,21.898,ANAND
ANASTASIA,157,0.637,0.0,1.274,2.548,0.637,94.904,ANASTASIA
ANATOLIY,84,0.0,0.0,0.0,0.0,0.0,100.0,ANATOLIY
ANATOLY,42,0.0,0.0,2.381,0.0,0.0,97.619,ANATOLY
ANCA,19,0.0,0.0,0.0,0.0,0.0,100.0,ANCA
ANDERS,53,0.0,0.0,1.887,0.0,0.0,98.113,ANDERS
ANDERSON,47,0.0,0.0,14.894,34.043,19.149,31.915,ANDERSON
ANDRA,68,0.0,1.471,0.0,8.824,0.0,89.706,ANDRA
ANDRE,599,0.334,0.167,3.339,33.723,5.509,56.928,ANDRE
ANDREA,4215,0.047,0.214,0.807,4.911,4.27,89.751,ANDREA
ANDREAS,164,0.0,0.0,1.829,1.829,0.61,95.732,ANDREAS
ANDREI,78,0.0,0.0,2.564,2.564,2.564,92.308,ANDREI
ANDRES,482,0.0,0.207,2.905,0.415,83.817,12.656,ANDRES
ANDREW,10945,0.037,0.11,3.07,1.69,1.882,93.212,ANDREW
ANDREY,114,0.0,0.0,1.754,0.0,0.877,97.368,ANDREY
ANDRIA,60,0.0,0.0,5.0,11.667,3.333,80.0,ANDRIA
ANDRIY,34,0.0,0.0,0.0,0.0,0.0,100.0,ANDRIY
ANDRZEJ,177,0.0,0.0,0.0,0.0,0.0,100.0,ANDRZEJ
ANDY,555,0.0,0.721,38.559,1.622,6.306,52.793,ANDY
ANETA,49,0.0,0.0,0.0,0.0,0.0,100.0,ANETA
ANGEL,888,0.0,0.225,4.279,3.716,69.144,22.635,ANGEL
ANGELA,6432,0.202,0.187,1.975,7.167,4.851,85.619,ANGELA
ANGELIA,100,1.0,0.0,1.0,20.0,4.0,74.0,ANGELIA
ANGELICA,453,0.0,0.221,3.311,0.442,71.302,24.724,ANGELICA
ANGELIKA,46,0.0,0.0,8.696,0.0,0.0,91.304,ANGELIKA
ANGELINA,292,0.342,0.685,10.959,3.425,34.247,50.342,ANGELINA
ANGELINE,101,0.0,0.0,15.842,3.96,0.99,79.208,ANGELINE
ANGELIQUE,139,0.0,0.0,2.158,15.108,5.036,77.698,ANGELIQUE
ANGELITA,86,1.163,0.0,38.372,4.651,39.535,16.279,ANGELITA
ANGELO,486,0.0,0.206,1.44,3.086,10.494,84.774,ANGELO
ANGIE,379,0.0,0.0,9.499,2.639,10.29,77.573,ANGIE
ANGUS,43,0.0,0.0,4.651,0.0,0.0,95.349,ANGUS
ANH,184,0.0,0.0,95.109,0.0,0.543,4.348,ANH
ANI,44,0.0,0.0,11.364,4.545,2.273,81.818,ANI
ANIBAL,54,0.0,0.0,0.0,0.0,88.889,11.111,ANIBAL
ANIL,215,0.465,0.0,79.535,0.93,0.93,18.14,ANIL
ANILA,30,0.0,3.333,50.0,0.0,0.0,46.667,ANILA
ANISSA,49,0.0,0.0,2.041,16.327,2.041,79.592,ANISSA
ANITA,2003,0.1,0.399,8.288,7.738,6.64,76.835,ANITA
ANJA,35,0.0,0.0,0.0,5.714,2.857,91.429,ANJA
ANJALI,51,0.0,0.0,76.471,0.0,0.0,23.529,ANJALI
ANJANA,33,0.0,0.0,75.758,0.0,0.0,24.242,ANJANA
ANJANETTE,34,0.0,0.0,0.0,26.471,5.882,67.647,ANJANETTE
ANJU,33,0.0,3.03,81.818,0.0,0.0,15.152,ANJU
ANKUR,33,0.0,0.0,81.818,3.03,3.03,12.121,ANKUR
ANN,5151,0.116,0.097,2.446,1.573,0.912,94.855,ANN
ANNA,3347,0.12,0.09,5.378,2.211,7.439,84.762,ANNA
ANNABEL,32,0.0,0.0,9.375,9.375,21.875,59.375,ANNABEL
ANNABELLE,70,1.429,0.0,21.429,1.429,5.714,70.0,ANNABELLE
ANNALISA,38,0.0,0.0,2.632,2.632,0.0,94.737,ANNALISA
ANNAMARIA,37,0.0,0.0,2.703,0.0,16.216,81.081,ANNAMARIA
ANNAMARIE,68,0.0,1.471,1.471,0.0,10.294,86.765,ANNAMARIE
ANNE,4239,0.047,0.142,2.147,0.896,0.731,96.037,ANNE
ANNELIESE,32,0.0,0.0,0.0,0.0,3.125,96.875,ANNELIESE
ANNEMARIE,164,0.0,0.0,0.61,1.829,0.0,97.561,ANNEMARIE
ANNETTA,48,0.0,2.083,2.083,18.75,2.083,75.0,ANNETTA
ANNETTE,1679,0.06,0.179,1.549,9.708,6.135,82.37,ANNETTE
ANNIE,654,0.459,0.153,20.031,30.887,3.517,44.954,ANNIE
ANNMARIE,188,0.0,0.0,0.532,3.191,1.596,94.681,ANNMARIE
ANSELMO,45,0.0,0.0,6.667,0.0,71.111,22.222,ANSELMO
ANSON,36,0.0,0.0,38.889,2.778,0.0,58.333,ANSON
ANTHONY,10335,0.213,0.174,3.154,7.199,5.099,84.161,ANTHONY
ANTJE,19,0.0,0.0,0.0,0.0,0.0,100.0,ANTJE
ANTOINE,104,0.0,0.0,2.885,40.385,2.885,53.846,ANTOINE
ANTOINETTE,505,0.594,0.198,1.584,15.446,5.941,76.238,ANTOINETTE
ANTON,184,0.0,0.543,3.261,5.978,1.087,89.13,ANTON
ANTONELLA,36,0.0,2.778,0.0,0.0,0.0,97.222,ANTONELLA
ANTONETTE,44,0.0,0.0,2.273,9.091,6.818,81.818,ANTONETTE
ANTONIA,273,0.366,0.733,3.663,5.495,47.253,42.491,ANTONIA
ANTONIETTA,34,0.0,0.0,2.941,0.0,2.941,94.118,ANTONIETTA
ANTONINA,37,0.0,0.0,13.514,0.0,5.405,81.081,ANTONINA
ANTONINO,43,0.0,0.0,2.326,0.0,27.907,69.767,ANTONINO
ANTONIO,1965,0.204,0.0,6.616,5.242,56.336,31.603,ANTONIO
ANTONY,96,0.0,1.042,16.667,4.167,1.042,77.083,ANTONY
ANUP,34,0.0,0.0,82.353,0.0,0.0,17.647,ANUP
ANURADHA,60,0.0,0.0,90.0,0.0,0.0,10.0,ANURADHA
ANWAR,37,2.703,0.0,45.946,10.811,0.0,40.541,ANWAR
APARNA,44,0.0,0.0,77.273,0.0,0.0,22.727,APARNA
APRIL,1662,0.12,0.301,1.685,6.739,2.708,88.448,APRIL
ARA,58,0.0,0.0,3.448,1.724,0.0,94.828,ARA
ARACELI,191,0.0,0.524,5.759,0.0,84.817,8.901,ARACELI
ARACELY,49,0.0,0.0,0.0,0.0,93.878,6.122,ARACELY
ARAM,38,0.0,0.0,2.632,0.0,2.632,94.737,ARAM
ARASH,33,3.03,0.0,18.182,0.0,3.03,75.758,ARASH
ARCELIA,40,0.0,0.0,0.0,0.0,87.5,12.5,ARCELIA
ARCHANA,50,0.0,2.0,82.0,0.0,0.0,16.0,ARCHANA
ARCHIE,134,2.239,0.0,2.985,29.104,2.239,63.433,ARCHIE
ARDEN,52,0.0,0.0,1.923,13.462,0.0,84.615,ARDEN
ARDIS,31,0.0,0.0,0.0,3.226,0.0,96.774,ARDIS
ARI,72,0.0,0.0,5.556,0.0,2.778,91.667,ARI
ARIANA,45,2.222,0.0,4.444,0.0,33.333,60.0,ARIANA
ARIANNE,32,0.0,0.0,0.0,6.25,6.25,87.5,ARIANNE
ARIC,56,0.0,0.0,1.786,1.786,3.571,92.857,ARIC
ARIE,31,0.0,0.0,3.226,6.452,3.226,87.097,ARIE
ARIEL,186,0.0,0.0,11.29,2.151,40.86,45.699,ARIEL
ARIF,36,0.0,0.0,66.667,0.0,2.778,30.556,ARIF
ARKADIUSZ,27,0.0,0.0,0.0,0.0,0.0,100.0,ARKADIUSZ
ARKADY,23,0.0,0.0,0.0,0.0,0.0,100.0,ARKADY
ARLA,16,0.0,0.0,0.0,0.0,0.0,100.0,ARLA
ARLEEN,98,0.0,0.0,6.122,6.122,2.041,85.714,ARLEEN
ARLEN,46,0.0,0.0,0.0,0.0,2.174,97.826,ARLEN
ARLENE,878,0.0,0.228,4.67,5.581,4.67,84.852,ARLENE
ARLETTE,30,0.0,0.0,6.667,16.667,10.0,66.667,ARLETTE
ARLIE,20,0.0,0.0,0.0,0.0,0.0,100.0,ARLIE
ARLINE,43,0.0,0.0,6.977,2.326,4.651,86.047,ARLINE
ARLYN,34,0.0,0.0,11.765,2.941,5.882,79.412,ARLYN
ARMAND,77,0.0,0.0,9.091,1.299,3.896,85.714,ARMAND
ARMANDO,803,0.0,0.125,5.729,0.249,84.06,9.838,ARMANDO
ARMEN,87,0.0,0.0,3.448,0.0,2.299,94.253,ARMEN
ARMIDA,42,0.0,0.0,2.381,0.0,76.19,21.429,ARMIDA
ARMIN,31,0.0,0.0,6.452,0.0,0.0,93.548,ARMIN
ARNALDO,37,0.0,0.0,13.514,0.0,67.568,18.919,ARNALDO
ARNE,42,0.0,0.0,0.0,7.143,0.0,92.857,ARNE
ARNEL,37,0.0,0.0,81.081,0.0,2.703,16.216,ARNEL
ARNO,20,0.0,0.0,0.0,0.0,0.0,100.0,ARNO
ARNOLD,615,0.0,0.0,6.992,7.317,7.48,78.211,ARNOLD
ARNOLDO,55,0.0,0.0,0.0,0.0,94.545,5.455,ARNOLDO
ARNULFO,98,0.0,0.0,8.163,0.0,89.796,2.041,ARNULFO
ARON,87,0.0,0.0,2.299,1.149,4.598,91.954,ARON
ARSEN,19,0.0,0.0,0.0,0.0,0.0,100.0,ARSEN
ARSENIO,37,0.0,0.0,29.73,2.703,35.135,32.432,ARSENIO
ART,84,0.0,0.0,10.714,4.762,16.667,67.857,ART
ARTEMIO,54,0.0,0.0,22.222,0.0,75.926,1.852,ARTEMIO
ARTHUR,2902,0.138,0.103,3.377,7.099,6.168,83.115,ARTHUR
ARTI,35,0.0,0.0,60.0,2.857,5.714,31.429,ARTI
ARTUR,71,0.0,1.408,0.0,0.0,2.817,95.775,ARTUR
ARTURO,715,0.14,0.0,4.755,0.0,87.133,7.972,ARTURO
ARUN,131,0.0,0.763,71.756,0.763,0.763,25.954,ARUN
ARUNA,42,0.0,2.381,73.81,0.0,0.0,23.81,ARUNA
ARVIN,36,0.0,0.0,25.0,0.0,13.889,61.111,ARVIN
ARVIND,73,0.0,2.74,69.863,0.0,0.0,27.397,ARVIND
ASA,36,0.0,0.0,0.0,11.111,2.778,86.111,ASA
ASHA,82,0.0,0.0,71.951,8.537,0.0,19.512,ASHA
ASHISH,118,0.0,0.0,84.746,0.0,0.0,15.254,ASHISH
ASHLEE,114,0.0,0.0,0.0,1.754,0.877,97.368,ASHLEE
ASHLEIGH,88,0.0,0.0,0.0,2.273,1.136,96.591,ASHLEIGH
ASHLEY,2333,0.0,0.086,0.986,3.601,1.629,93.699,ASHLEY
ASHLIE,38,0.0,0.0,0.0,0.0,7.895,92.105,ASHLIE
ASHOK,169,0.592,1.183,79.29,0.0,0.592,18.343,ASHOK
ASHRAF,55,0.0,0.0,18.182,0.0,0.0,81.818,ASHRAF
ASHTON,34,0.0,2.941,0.0,14.706,0.0,82.353,ASHTON
ASHWIN,38,2.632,0.0,60.526,0.0,2.632,34.211,ASHWIN
ASIF,39,0.0,0.0,64.103,0.0,2.564,33.333,ASIF
ASIM,31,0.0,3.226,54.839,0.0,0.0,41.935,ASIM
ASMA,33,0.0,3.03,57.576,3.03,0.0,36.364,ASMA
ASTRID,60,0.0,0.0,6.667,1.667,16.667,75.0,ASTRID
ATHANASIOS,38,0.0,0.0,0.0,0.0,0.0,100.0,ATHANASIOS
ATHENA,102,0.0,0.0,3.922,3.922,6.863,85.294,ATHENA
ATUL,65,0.0,0.0,84.615,0.0,0.0,15.385,ATUL
AUBREY,196,0.0,0.51,3.061,10.714,1.531,84.184,AUBREY
AUDRA,190,0.0,0.526,0.0,6.842,4.737,87.895,AUDRA
AUDREY,1008,0.099,0.298,2.381,10.714,1.786,84.722,AUDREY
AUGUST,132,0.0,0.0,1.515,0.0,2.273,96.212,AUGUST
AUGUSTIN,33,0.0,0.0,6.061,12.121,48.485,33.333,AUGUSTIN
AUGUSTINE,88,0.0,0.0,13.636,23.864,26.136,36.364,AUGUSTINE
AUGUSTO,70,0.0,0.0,21.429,1.429,55.714,21.429,AUGUSTO
AUGUSTUS,37,0.0,0.0,5.405,21.622,0.0,72.973,AUGUSTUS
AURA,61,0.0,0.0,4.918,1.639,65.574,27.869,AURA
AUREA,32,0.0,0.0,31.25,0.0,62.5,6.25,AUREA
AURELIA,69,0.0,0.0,4.348,4.348,44.928,46.377,AURELIA
AURELIO,111,0.0,0.0,5.405,0.0,81.081,13.514,AURELIO
AURORA,204,0.0,0.0,20.588,2.451,50.98,25.98,AURORA
AUSTIN,394,0.508,0.0,5.076,5.076,0.254,89.086,AUSTIN
AUTUMN,164,0.0,0.0,1.22,1.829,1.22,95.732,AUTUMN
AVA,110,1.818,0.0,6.364,19.091,3.636,69.091,AVA
AVELINO,32,0.0,0.0,37.5,0.0,53.125,9.375,AVELINO
AVERY,87,0.0,0.0,2.299,24.138,0.0,73.563,AVERY
AVI,37,0.0,0.0,2.703,0.0,5.405,91.892,AVI
AVIS,48,0.0,0.0,0.0,33.333,0.0,66.667,AVIS
AVIVA,34,0.0,0.0,0.0,0.0,0.0,100.0,AVIVA
AXEL,33,0.0,0.0,0.0,9.091,24.242,66.667,AXEL
AYANNA,15,0.0,0.0,0.0,100.0,0.0,0.0,AYANNA
AZIZ,44,0.0,0.0,22.727,6.818,2.273,68.182,AZIZ
AZUCENA,42,0.0,0.0,9.524,0.0,80.952,9.524,AZUCENA
BA,18,0.0,0.0,100.0,0.0,0.0,0.0,BA
BABAK,34,0.0,0.0,5.882,2.941,0.0,91.176,BABAK
BABETTE,34,0.0,0.0,5.882,0.0,0.0,94.118,BABETTE
BAHMAN,31,3.226,0.0,9.677,3.226,0.0,83.871,BAHMAN
BAHRAM,36,0.0,0.0,8.333,0.0,0.0,91.667,BAHRAM
BAILEY,45,0.0,0.0,2.222,0.0,0.0,97.778,BAILEY
BALAJI,47,0.0,2.128,80.851,2.128,2.128,12.766,BALAJI
BALDEV,33,0.0,6.061,63.636,0.0,0.0,30.303,BALDEV
BALTAZAR,53,0.0,0.0,7.547,1.887,86.792,3.774,BALTAZAR
BALWINDER,33,0.0,0.0,75.758,0.0,0.0,24.242,BALWINDER
BAMBI,46,0.0,0.0,2.174,2.174,0.0,95.652,BAMBI
BAO,111,0.901,0.901,96.396,0.0,0.0,1.802,BAO
BARBARA,12854,0.078,0.093,0.583,4.551,1.626,93.068,BARBARA
BARBRA,66,0.0,0.0,0.0,4.545,3.03,92.424,BARBRA
BARNEY,65,0.0,0.0,9.231,9.231,4.615,76.923,BARNEY
BARRETT,91,0.0,0.0,1.099,2.198,0.0,96.703,BARRETT
BARRIE,41,0.0,0.0,0.0,0.0,0.0,100.0,BARRIE
BARRON,31,0.0,3.226,0.0,25.806,0.0,70.968,BARRON
BARRY,2515,0.199,0.119,1.034,2.903,0.596,95.149,BARRY
BART,279,0.0,0.0,1.792,0.717,0.717,96.774,BART
BARTHOLOMEW,47,2.128,0.0,2.128,14.894,2.128,78.723,BARTHOLOMEW
BARTLEY,32,0.0,0.0,0.0,0.0,0.0,100.0,BARTLEY
BARTON,152,0.0,0.0,0.658,0.0,1.316,98.026,BARTON
BASIL,76,0.0,0.0,0.0,7.895,1.316,90.789,BASIL
BASSAM,53,0.0,1.887,9.434,0.0,0.0,88.679,BASSAM
BAXTER,15,0.0,0.0,0.0,0.0,0.0,100.0,BAXTER
BEATA,81,0.0,0.0,3.704,0.0,0.0,96.296,BEATA
BEATE,31,0.0,0.0,3.226,0.0,0.0,96.774,BEATE
BEATRICE,368,0.0,0.815,3.804,19.293,14.13,61.957,BEATRICE
BEATRIZ,267,0.0,0.0,3.745,0.749,79.026,16.479,BEATRIZ
BEAU,150,0.667,0.0,1.333,0.0,0.0,98.0,BEAU
BECKIE,21,0.0,0.0,0.0,0.0,0.0,100.0,BECKIE
BECKY,769,0.13,0.0,3.511,0.78,2.081,93.498,BECKY
BELEN,48,0.0,0.0,22.917,2.083,56.25,18.75,BELEN
BELINDA,542,0.738,0.0,4.613,14.207,10.148,70.295,BELINDA
BELLA,63,1.587,0.0,19.048,1.587,3.175,74.603,BELLA
BEN,634,0.315,0.0,15.615,3.628,3.312,77.129,BEN
BENEDETTO,24,0.0,0.0,0.0,0.0,0.0,100.0,BENEDETTO
BENEDICT,96,1.042,0.0,23.958,6.25,4.167,64.583,BENEDICT
BENIGNO,30,0.0,0.0,16.667,0.0,80.0,3.333,BENIGNO
BENITA,95,0.0,0.0,8.421,23.158,18.947,49.474,BENITA
BENITO,136,0.0,0.0,10.294,0.735,80.147,8.824,BENITO
BENJAMIN,4232,0.189,0.165,4.679,2.906,6.876,85.184,BENJAMIN
BENNETT,115,0.0,0.0,4.348,4.348,0.0,91.304,BENNETT
BENNIE,148,0.676,0.0,0.676,32.432,4.73,61.486,BENNIE
BENNY,211,0.948,1.422,21.327,5.687,9.005,61.611,BENNY
BENSON,47,0.0,0.0,53.191,6.383,0.0,40.426,BENSON
BENTON,39,0.0,2.564,5.128,0.0,2.564,89.744,BENTON
BERNABE,31,0.0,0.0,25.806,0.0,70.968,3.226,BERNABE
BERNADETTE,672,0.446,0.298,6.845,8.929,8.482,75.0,BERNADETTE
BERNADINE,100,0.0,0.0,4.0,17.0,4.0,75.0,BERNADINE
BERNARD,1244,0.161,0.0,3.376,10.209,1.768,84.486,BERNARD
BERNARDINO,35,0.0,0.0,11.429,0.0,74.286,14.286,BERNARDINO
BERNARDO,133,0.0,0.0,16.541,2.256,72.18,9.023,BERNARDO
BERNHARD,54,0.0,0.0,1.852,0.0,0.0,98.148,BERNHARD
BERNICE,319,0.0,0.0,2.508,26.332,5.956,65.204,BERNICE
BERNIE,78,0.0,0.0,12.821,5.128,11.538,70.513,BERNIE
BERT,198,0.0,0.0,8.081,1.01,1.01,89.899,BERT
BERTA,60,0.0,0.0,1.667,3.333,56.667,38.333,BERTA
BERTHA,439,0.0,0.228,0.911,12.073,61.503,25.285,BERTHA
BERTRAM,45,0.0,0.0,8.889,31.111,0.0,60.0,BERTRAM
BERTRAND,41,2.439,0.0,7.317,19.512,2.439,68.293,BERTRAND
BERYL,66,0.0,1.515,3.03,9.091,0.0,86.364,BERYL
BESSIE,122,0.0,0.0,5.738,40.984,4.098,49.18,BESSIE
BETH,2511,0.119,0.0,0.438,0.358,0.518,98.566,BETH
BETHANN,41,0.0,0.0,0.0,0.0,0.0,100.0,BETHANN
BETHANNE,27,0.0,0.0,0.0,0.0,0.0,100.0,BETHANNE
BETHANY,599,0.334,0.167,0.668,1.169,0.668,96.995,BETHANY
BETSY,503,0.0,0.199,2.783,1.59,3.976,91.451,BETSY
BETTE,162,0.0,0.0,0.617,1.235,1.235,96.914,BETTE
BETTIE,88,0.0,1.136,1.136,31.818,1.136,64.773,BETTIE
BETTINA,90,0.0,1.111,3.333,8.889,6.667,80.0,BETTINA
BETTY,2875,0.174,0.139,3.965,10.47,2.957,82.296,BETTY
BETTYE,78,0.0,1.282,0.0,41.026,0.0,57.692,BETTYE
BEULAH,35,0.0,0.0,2.857,31.429,0.0,65.714,BEULAH
BEVERLEY,104,0.962,0.0,0.962,9.615,0.962,87.5,BEVERLEY
BEVERLY,2997,0.2,0.133,1.134,9.142,1.535,87.855,BEVERLY
BHARAT,79,0.0,1.266,77.215,0.0,0.0,21.519,BHARAT
BHAVNA,37,0.0,0.0,75.676,0.0,2.703,21.622,BHAVNA
BHUPINDER,31,0.0,6.452,64.516,6.452,0.0,22.581,BHUPINDER
BIANCA,113,0.0,0.0,0.885,6.195,34.513,58.407,BIANCA
BIBI,54,1.852,1.852,53.704,3.704,5.556,33.333,BIBI
BIJAN,37,0.0,0.0,13.514,0.0,0.0,86.486,BIJAN
BILL,590,0.169,0.169,10.339,2.712,2.712,83.898,BILL
BILLIE,456,0.658,0.219,1.096,5.921,2.193,89.912,BILLIE
BILLY,1274,0.471,0.392,4.003,7.849,2.983,84.301,BILLY
BIN,95,0.0,0.0,96.842,0.0,0.0,3.158,BIN
BINA,32,0.0,9.375,62.5,0.0,3.125,25.0,BINA
BING,97,0.0,0.0,91.753,0.0,2.062,6.186,BING
BINH,142,0.0,0.0,94.366,0.0,1.408,4.225,BINH
BIPIN,32,0.0,6.25,56.25,3.125,0.0,34.375,BIPIN
BIRGIT,42,0.0,0.0,2.381,0.0,0.0,97.619,BIRGIT
BIRGITTA,23,0.0,0.0,0.0,0.0,0.0,100.0,BIRGITTA
BJORN,41,0.0,0.0,0.0,0.0,0.0,100.0,BJORN
BLAINE,203,0.0,0.493,0.493,1.478,0.0,97.537,BLAINE
BLAIR,271,0.0,0.0,0.369,2.214,0.369,97.048,BLAIR
BLAISE,34,0.0,0.0,2.941,8.824,0.0,88.235,BLAISE
BLAKE,567,0.0,0.0,1.235,1.058,0.705,97.002,BLAKE
BLANCA,489,0.0,0.0,0.613,0.204,91.207,7.975,BLANCA
BLANCHE,91,1.099,2.198,2.198,13.187,1.099,80.22,BLANCHE
BLAS,32,0.0,0.0,0.0,0.0,93.75,6.25,BLAS
BLYTHE,37,0.0,0.0,2.703,0.0,2.703,94.595,BLYTHE
BO,134,0.746,0.746,73.881,0.0,0.0,24.627,BO
BOB,256,0.0,0.391,10.156,2.734,1.172,85.547,BOB
BOBBI,179,0.559,0.0,0.559,0.0,1.676,97.207,BOBBI
BOBBIE,407,0.491,0.737,0.491,15.725,1.72,80.835,BOBBIE
BOBBY,1129,0.62,0.354,4.252,13.729,2.923,78.122,BOBBY
BOGDAN,79,0.0,0.0,1.266,0.0,0.0,98.734,BOGDAN
BOGUSLAW,22,0.0,0.0,0.0,0.0,0.0,100.0,BOGUSLAW
BOHDAN,28,0.0,0.0,0.0,0.0,0.0,100.0,BOHDAN
BONG,35,0.0,0.0,94.286,0.0,0.0,5.714,BONG
BONIFACIO,53,1.887,0.0,24.528,0.0,69.811,3.774,BONIFACIO
BONITA,309,0.0,0.0,0.971,11.65,1.294,86.084,BONITA
BONNI,18,0.0,0.0,0.0,0.0,0.0,100.0,BONNI
BONNIE,2864,0.07,0.07,1.327,1.047,0.803,96.683,BONNIE
BONNY,63,0.0,0.0,3.175,1.587,0.0,95.238,BONNY
BORIS,280,0.0,0.0,1.071,2.857,4.643,91.429,BORIS
BOYD,190,0.526,0.0,1.053,1.579,0.526,96.316,BOYD
BOZENA,69,0.0,0.0,0.0,0.0,0.0,100.0,BOZENA
BRAD,1434,0.0,0.418,0.349,0.976,0.349,97.908,BRAD
BRADD,16,0.0,0.0,0.0,0.0,0.0,100.0,BRADD
BRADEN,66,0.0,1.515,0.0,0.0,0.0,98.485,BRADEN
BRADFORD,570,0.0,0.0,1.579,1.754,0.526,96.14,BRADFORD
BRADLEY,3619,0.055,0.138,0.525,0.193,0.221,98.867,BRADLEY
BRADLY,71,0.0,0.0,0.0,0.0,1.408,98.592,BRADLY
BRADY,202,0.0,0.0,1.485,3.96,1.485,93.069,BRADY
BRANDEN,50,2.0,0.0,0.0,0.0,2.0,96.0,BRANDEN
BRANDI,537,0.372,0.0,0.372,5.773,2.607,90.875,BRANDI
BRANDIE,75,0.0,0.0,1.333,4.0,0.0,94.667,BRANDIE
BRANDON,2681,0.149,0.298,2.126,3.767,1.678,91.981,BRANDON
BRANDT,56,0.0,0.0,0.0,1.786,0.0,98.214,BRANDT
BRANDY,517,0.967,0.387,0.967,3.482,3.482,90.716,BRANDY
BRANKO,20,0.0,0.0,0.0,0.0,0.0,100.0,BRANKO
BRANNON,25,0.0,0.0,0.0,0.0,0.0,100.0,BRANNON
BRANT,96,0.0,0.0,0.0,2.083,0.0,97.917,BRANT
BREANNA,49,0.0,0.0,0.0,4.082,2.041,93.878,BREANNA
BREANNE,52,0.0,3.846,1.923,1.923,1.923,90.385,BREANNE
BREE,42,0.0,0.0,0.0,4.762,0.0,95.238,BREE
BRENDA,5117,0.215,0.195,1.114,9.126,4.886,84.464,BRENDA
BRENDAN,524,0.0,0.191,0.954,0.191,0.763,97.901,BRENDAN
BRENDON,64,1.563,0.0,0.0,4.688,1.563,92.188,BRENDON
BRENNA,81,0.0,0.0,0.0,0.0,1.235,98.765,BRENNA
BRENNAN,61,0.0,0.0,1.639,1.639,1.639,95.082,BRENNAN
BRENT,2108,0.047,0.19,0.712,0.996,0.806,97.249,BRENT
BRENTON,61,0.0,0.0,0.0,4.918,0.0,95.082,BRENTON
BRET,417,0.0,0.24,0.0,1.199,0.24,98.321,BRET
BRETT,1951,0.051,0.103,0.256,0.871,0.359,98.36,BRETT
BRIAN,18306,0.076,0.098,1.59,1.338,0.716,96.182,BRIAN
BRIANA,102,0.0,0.0,0.98,0.98,6.863,91.176,BRIANA
BRIANNA,104,0.0,0.0,0.962,0.962,2.885,95.192,BRIANNA
BRIANNE,93,0.0,0.0,0.0,0.0,1.075,98.925,BRIANNE
BRICE,84,0.0,0.0,2.381,0.0,0.0,97.619,BRICE
BRIDGET,779,0.0,0.0,0.642,5.006,1.412,92.94,BRIDGET
BRIDGETT,64,0.0,0.0,0.0,15.625,1.563,82.813,BRIDGETT
BRIDGETTE,130,0.0,0.769,0.769,23.846,2.308,72.308,BRIDGETTE
BRIDGIT,17,0.0,0.0,0.0,0.0,0.0,100.0,BRIDGIT
BRIEN,40,0.0,0.0,2.5,2.5,2.5,92.5,BRIEN
BRIENNE,15,0.0,0.0,0.0,0.0,0.0,100.0,BRIENNE
BRIGETTE,37,0.0,0.0,0.0,8.108,5.405,86.486,BRIGETTE
BRIGID,77,1.299,0.0,0.0,0.0,1.299,97.403,BRIGID
BRIGIDA,32,3.125,0.0,28.125,3.125,40.625,25.0,BRIGIDA
BRIGITTE,176,0.0,0.0,3.977,3.977,1.705,90.341,BRIGITTE
BRIJESH,15,0.0,0.0,100.0,0.0,0.0,0.0,BRIJESH
BRION,34,0.0,0.0,2.941,2.941,2.941,91.176,BRION
BRITA,15,0.0,0.0,0.0,0.0,0.0,100.0,BRITA
BRITNEY,53,0.0,0.0,0.0,5.66,1.887,92.453,BRITNEY
BRITT,99,0.0,0.0,0.0,2.02,1.01,96.97,BRITT
BRITTA,55,0.0,0.0,0.0,0.0,0.0,100.0,BRITTA
BRITTANY,569,0.0,0.0,0.879,3.339,0.703,95.079,BRITTANY
BRITTNEY,144,0.0,1.389,0.694,3.472,1.389,93.056,BRITTNEY
BRITTON,57,0.0,0.0,0.0,1.754,0.0,98.246,BRITTON
BROCK,164,0.61,0.0,0.0,1.22,0.61,97.561,BROCK
BRODIE,17,0.0,0.0,0.0,0.0,0.0,100.0,BRODIE
BRODY,22,0.0,0.0,0.0,0.0,0.0,100.0,BRODY
BRONWYN,33,0.0,0.0,0.0,0.0,0.0,100.0,BRONWYN
BROOK,118,0.0,0.0,0.0,2.542,0.0,97.458,BROOK
BROOKE,744,0.134,0.134,0.403,1.344,0.672,97.312,BROOKE
BROOKS,151,0.0,0.0,0.662,0.0,0.0,99.338,BROOKS
BRUCE,5348,0.112,0.206,1.384,2.113,0.617,95.568,BRUCE
BRUNO,148,0.0,0.0,0.0,0.676,18.919,80.405,BRUNO
BRYAN,3686,0.054,0.027,2.821,2.116,1.356,93.625,BRYAN
BRYANT,187,0.0,0.0,6.952,15.508,4.278,73.262,BRYANT
BRYCE,236,0.0,0.0,2.542,0.847,0.847,95.763,BRYCE
BRYN,36,0.0,0.0,2.778,0.0,5.556,91.667,BRYN
BRYNN,30,0.0,0.0,0.0,0.0,0.0,100.0,BRYNN
BRYON,160,0.625,0.0,0.625,5.625,0.0,93.125,BRYON
BRYSON,34,0.0,0.0,5.882,0.0,0.0,94.118,BRYSON
BUCK,18,0.0,0.0,0.0,0.0,0.0,100.0,BUCK
BUD,32,0.0,0.0,3.125,0.0,3.125,93.75,BUD
BUDDY,65,0.0,1.538,6.154,1.538,1.538,89.231,BUDDY
BUFFY,23,0.0,0.0,0.0,0.0,0.0,100.0,BUFFY
BUFORD,31,0.0,0.0,0.0,12.903,0.0,87.097,BUFORD
BURKE,31,0.0,3.226,3.226,0.0,0.0,93.548,BURKE
BURT,70,0.0,0.0,1.429,8.571,1.429,88.571,BURT
BURTON,150,0.0,0.667,2.667,4.0,2.0,90.667,BURTON
BYRON,589,0.0,0.17,4.075,11.375,6.961,77.419,BYRON
BYUNG,89,0.0,0.0,94.382,0.0,1.124,4.494,BYUNG
CADE,19,0.0,0.0,0.0,0.0,0.0,100.0,CADE
CAESAR,32,0.0,0.0,9.375,3.125,40.625,46.875,CAESAR
CAITLIN,200,0.0,0.0,2.0,0.5,0.0,97.5,CAITLIN
CALE,22,0.0,0.0,0.0,0.0,0.0,100.0,CALE
CALEB,235,0.0,0.426,0.851,0.426,2.128,96.17,CALEB
CALLIE,85,0.0,0.0,2.353,12.941,0.0,84.706,CALLIE
CALVIN,749,0.134,0.134,14.686,25.768,0.668,58.611,CALVIN
CAM,47,0.0,0.0,74.468,0.0,0.0,25.532,CAM
CAMELIA,33,0.0,0.0,6.061,12.121,12.121,69.697,CAMELIA
CAMERON,553,0.0,0.362,1.627,2.532,0.542,94.937,CAMERON
CAMI,61,0.0,0.0,0.0,0.0,0.0,100.0,CAMI
CAMIE,15,0.0,0.0,0.0,0.0,0.0,100.0,CAMIE
CAMILLA,80,0.0,0.0,0.0,7.5,0.0,92.5,CAMILLA
CAMILLE,385,0.26,0.0,2.338,6.753,3.117,87.532,CAMILLE
CAMILO,37,0.0,0.0,18.919,0.0,59.459,21.622,CAMILO
CAN,33,0.0,0.0,78.788,0.0,0.0,21.212,CAN
CANDACE,802,0.0,0.249,1.122,7.107,0.748,90.773,CANDACE
CANDELARIO,42,0.0,0.0,0.0,0.0,90.476,9.524,CANDELARIO
CANDI,37,0.0,2.703,0.0,0.0,2.703,94.595,CANDI
CANDICE,537,0.559,0.186,3.724,6.145,2.607,86.778,CANDICE
CANDIDA,38,0.0,0.0,5.263,5.263,60.526,28.947,CANDIDA
CANDIDO,34,0.0,0.0,17.647,0.0,70.588,11.765,CANDIDO
CANDIS,46,0.0,0.0,2.174,8.696,2.174,86.957,CANDIS
CANDY,207,0.0,0.483,4.831,2.899,5.314,86.473,CANDY
CANDYCE,31,0.0,0.0,0.0,3.226,6.452,90.323,CANDYCE
CARA,473,0.634,0.0,0.846,2.326,0.634,95.56,CARA
CAREN,137,0.0,0.0,0.73,3.65,0.0,95.62,CAREN
CAREY,356,0.0,0.0,1.685,1.685,0.281,96.348,CAREY
CARI,195,0.0,0.0,0.513,0.0,2.051,97.436,CARI
CARIDAD,30,0.0,0.0,20.0,0.0,56.667,23.333,CARIDAD
CARIE,62,0.0,0.0,1.613,0.0,0.0,98.387,CARIE
CARIN,89,0.0,0.0,1.124,3.371,1.124,94.382,CARIN
CARINA,64,0.0,0.0,6.25,1.563,32.813,59.375,CARINA
CARISSA,121,0.0,0.0,5.785,3.306,2.479,88.43,CARISSA
CARL,3475,0.23,0.115,1.41,6.935,0.978,90.331,CARL
CARLA,1643,0.243,0.061,0.426,7.912,4.991,86.366,CARLA
CARLEE,25,0.0,0.0,0.0,0.0,0.0,100.0,CARLEE
CARLEEN,75,0.0,0.0,2.667,4.0,0.0,93.333,CARLEEN
CARLENE,137,0.0,3.65,0.73,8.029,0.73,86.861,CARLENE
CARLETON,33,0.0,3.03,0.0,6.061,0.0,90.909,CARLETON
CARLEY,26,0.0,0.0,0.0,0.0,0.0,100.0,CARLEY
CARLIE,32,0.0,0.0,0.0,0.0,0.0,100.0,CARLIE
CARLIN,31,0.0,0.0,6.452,6.452,0.0,87.097,CARLIN
CARLO,156,0.0,0.0,10.256,2.564,10.256,76.923,CARLO
CARLOS,2891,0.104,0.069,2.041,1.73,82.705,13.352,CARLOS
CARLOTTA,56,1.786,1.786,1.786,30.357,1.786,62.5,CARLOTTA
CARLTON,281,0.0,0.0,1.068,28.826,1.068,69.039,CARLTON
CARLY,158,0.0,0.0,0.633,0.0,1.266,98.101,CARLY
CARLYN,26,0.0,0.0,0.0,0.0,0.0,100.0,CARLYN
CARMA,28,0.0,0.0,0.0,0.0,0.0,100.0,CARMA
CARMEL,75,0.0,0.0,6.667,12.0,1.333,80.0,CARMEL
CARMELA,170,0.588,0.0,4.706,1.176,15.882,77.647,CARMELA
CARMELITA,76,1.316,0.0,48.684,9.211,13.158,27.632,CARMELITA
CARMELLA,77,0.0,0.0,1.299,5.195,6.494,87.013,CARMELLA
CARMELO,91,0.0,1.099,12.088,2.198,34.066,50.549,CARMELO
CARMEN,1674,0.119,0.06,2.688,5.018,51.016,41.099,CARMEN
CARMINE,118,0.0,0.0,0.0,0.0,1.695,98.305,CARMINE
CAROL,9060,0.132,0.121,1.258,2.561,1.446,94.481,CAROL
CAROLA,31,0.0,0.0,6.452,3.226,12.903,77.419,CAROLA
CAROLANN,44,0.0,0.0,0.0,4.545,4.545,90.909,CAROLANN
CAROLE,1281,0.312,0.0,1.405,2.576,0.546,95.16,CAROLE
CAROLEE,53,0.0,0.0,0.0,0.0,1.887,98.113,CAROLEE
CAROLINA,242,0.0,0.0,9.917,1.24,64.876,23.967,CAROLINA
CAROLINE,1255,0.239,0.159,4.303,2.869,2.948,89.482,CAROLINE
CAROLYN,4692,0.171,0.043,1.066,7.928,1.364,89.429,CAROLYN
CAROLYNN,54,0.0,0.0,0.0,3.704,3.704,92.593,CAROLYNN
CARON,66,0.0,0.0,0.0,1.515,3.03,95.455,CARON
CARRI,60,1.667,0.0,0.0,0.0,0.0,98.333,CARRI
CARRIE,2385,0.126,0.126,1.216,2.264,1.048,95.22,CARRIE
CARROL,37,0.0,0.0,0.0,16.216,0.0,83.784,CARROL
CARROLL,191,0.0,0.524,1.047,4.188,0.524,93.717,CARROLL
CARSON,82,0.0,0.0,3.659,2.439,1.22,92.683,CARSON
CARTER,140,0.0,0.0,0.714,5.714,0.0,93.571,CARTER
CARY,423,0.709,0.0,4.965,2.128,1.418,90.78,CARY
CARYL,77,0.0,1.299,2.597,3.896,1.299,90.909,CARYL
CARYN,274,0.365,0.0,1.095,0.73,1.095,96.715,CARYN
CASANDRA,44,0.0,0.0,0.0,22.727,9.091,68.182,CASANDRA
CASEY,1153,0.087,0.087,2.342,1.561,0.607,95.317,CASEY
CASIMIR,31,0.0,0.0,0.0,3.226,3.226,93.548,CASIMIR
CASSANDRA,655,0.0,0.0,1.527,20.0,2.748,75.725,CASSANDRA
CASSIDY,50,0.0,0.0,4.0,2.0,2.0,92.0,CASSIDY
CASSIE,174,0.0,0.575,1.149,1.724,0.575,95.977,CASSIE
CATALINA,140,0.714,0.714,14.286,0.0,65.0,19.286,CATALINA
CATERINA,40,0.0,0.0,0.0,0.0,5.0,95.0,CATERINA
CATHARINE,93,0.0,0.0,1.075,1.075,2.151,95.699,CATHARINE
CATHERINE,5852,0.068,0.154,2.563,2.341,1.555,93.319,CATHERINE
CATHI,50,0.0,0.0,0.0,0.0,0.0,100.0,CATHI
CATHIE,93,0.0,0.0,1.075,3.226,0.0,95.699,CATHIE
CATHLEEN,512,0.195,0.0,0.391,0.0,1.563,97.852,CATHLEEN
CATHRYN,177,1.13,0.0,0.0,1.13,0.565,97.175,CATHRYN
CATHY,1856,0.162,0.054,2.909,3.071,2.047,91.756,CATHY
CATRINA,52,0.0,0.0,3.846,19.231,3.846,73.077,CATRINA
CECELIA,224,0.0,0.0,2.232,10.268,5.357,82.143,CECELIA
CECIL,326,0.307,0.0,1.534,17.485,1.534,79.141,CECIL
CECILE,97,0.0,0.0,11.34,7.216,1.031,80.412,CECILE
CECILIA,704,0.142,0.142,12.074,2.273,37.358,48.011,CECILIA
CECILIO,35,0.0,0.0,5.714,0.0,77.143,17.143,CECILIO
CECILY,39,0.0,0.0,7.692,2.564,0.0,89.744,CECILY
CEDRIC,132,1.515,0.0,9.091,62.121,0.0,27.273,CEDRIC
CELESTE,387,0.0,0.258,4.393,5.943,5.943,83.463,CELESTE
CELESTINO,30,0.0,0.0,20.0,3.333,60.0,16.667,CELESTINO
CELIA,353,0.283,0.0,4.816,2.833,40.793,51.275,CELIA
CELINA,75,0.0,0.0,4.0,2.667,57.333,36.0,CELINA
CELINE,49,0.0,0.0,8.163,4.082,6.122,81.633,CELINE
CELSO,61,0.0,0.0,11.475,0.0,78.689,9.836,CELSO
CESAR,681,0.0,0.0,8.957,0.147,83.847,7.048,CESAR
CEZARY,19,0.0,0.0,0.0,0.0,0.0,100.0,CEZARY
CHAD,3153,0.032,0.19,0.825,0.793,0.444,97.716,CHAD
CHADWICK,120,0.0,0.0,0.833,0.0,0.833,98.333,CHADWICK
CHAN,67,0.0,0.0,89.552,0.0,0.0,10.448,CHAN
CHANCE,73,0.0,1.37,0.0,4.11,4.11,90.411,CHANCE
CHANDA,58,0.0,0.0,13.793,22.414,0.0,63.793,CHANDA
CHANDLER,45,0.0,0.0,2.222,6.667,2.222,88.889,CHANDLER
CHANDRA,194,0.0,0.515,28.866,12.371,1.031,57.216,CHANDRA
CHANG,159,0.629,0.0,96.855,0.0,0.629,1.887,CHANG
CHANH,24,0.0,0.0,100.0,0.0,0.0,0.0,CHANH
CHANNING,16,0.0,0.0,0.0,0.0,0.0,100.0,CHANNING
CHANTAL,72,0.0,0.0,9.722,18.056,2.778,69.444,CHANTAL
CHANTEL,47,0.0,0.0,0.0,12.766,6.383,80.851,CHANTEL
CHANTELLE,46,0.0,0.0,6.522,13.043,2.174,78.261,CHANTELLE
CHAO,75,0.0,0.0,97.333,0.0,0.0,2.667,CHAO
CHARISSA,36,0.0,0.0,5.556,2.778,5.556,86.111,CHARISSA
CHARISSE,50,0.0,0.0,4.0,18.0,8.0,70.0,CHARISSE
CHARITY,163,0.0,0.613,1.84,7.362,1.84,88.344,CHARITY
CHARLA,73,0.0,2.74,2.74,5.479,0.0,89.041,CHARLA
CHARLEEN,69,0.0,1.449,5.797,2.899,0.0,89.855,CHARLEEN
CHARLENE,1066,0.375,0.188,2.064,9.568,1.595,86.21,CHARLENE
CHARLES,16262,0.191,0.16,1.494,5.547,1.23,91.379,CHARLES
CHARLEY,44,0.0,0.0,11.364,15.909,4.545,68.182,CHARLEY
CHARLIE,366,0.0,0.273,15.027,23.224,7.104,54.372,CHARLIE
CHARLOTTE,1247,0.481,0.401,1.363,6.897,1.363,89.495,CHARLOTTE
CHARMAINE,146,0.685,1.37,8.904,27.397,2.74,58.904,CHARMAINE
CHASE,145,0.69,1.379,2.069,1.379,2.069,92.414,CHASE
CHASITY,37,0.0,2.703,0.0,16.216,0.0,81.081,CHASITY
CHASTITY,36,0.0,0.0,0.0,8.333,5.556,86.111,CHASTITY
CHAU,99,0.0,0.0,97.98,0.0,0.0,2.02,CHAU
CHAUNCEY,33,0.0,0.0,3.03,45.455,0.0,51.515,CHAUNCEY
CHEE,30,0.0,0.0,93.333,3.333,3.333,0.0,CHEE
CHELSEA,260,0.0,0.0,2.308,1.154,1.538,95.0,CHELSEA
CHELSEY,51,0.0,0.0,0.0,0.0,0.0,100.0,CHELSEY
CHEN,53,0.0,0.0,92.453,0.0,0.0,7.547,CHEN
CHENG,99,0.0,0.0,96.97,0.0,1.01,2.02,CHENG
CHERI,442,0.0,0.0,0.679,2.715,0.905,95.701,CHERI
CHERIE,401,0.0,0.0,1.995,2.244,2.743,93.017,CHERIE
CHERISE,31,0.0,0.0,3.226,35.484,0.0,61.29,CHERISE
CHERRI,40,0.0,0.0,2.5,2.5,0.0,95.0,CHERRI
CHERRIE,34,0.0,0.0,8.824,14.706,2.941,73.529,CHERRIE
CHERRY,85,1.176,2.353,20.0,11.765,1.176,63.529,CHERRY
CHERRYL,31,0.0,0.0,0.0,12.903,0.0,87.097,CHERRYL
CHERYL,5915,0.169,0.085,1.099,5.224,0.659,92.764,CHERYL
CHERYLE,63,0.0,0.0,1.587,4.762,1.587,92.063,CHERYLE
CHERYLL,34,0.0,0.0,2.941,2.941,2.941,91.176,CHERYLL
CHESTER,406,0.0,0.493,4.187,8.867,0.739,85.714,CHESTER
CHET,70,0.0,1.429,4.286,5.714,2.857,85.714,CHET
CHETAN,40,0.0,0.0,82.5,0.0,0.0,17.5,CHETAN
CHEUK,15,0.0,0.0,100.0,0.0,0.0,0.0,CHEUK
CHEYENNE,32,0.0,9.375,0.0,9.375,0.0,81.25,CHEYENNE
CHI,224,0.0,0.0,97.321,0.0,0.0,2.679,CHI
CHIA,39,0.0,0.0,97.436,0.0,0.0,2.564,CHIA
CHIEN,39,0.0,0.0,100.0,0.0,0.0,0.0,CHIEN
CHIH,34,0.0,0.0,100.0,0.0,0.0,0.0,CHIH
CHIN,57,0.0,0.0,96.491,0.0,1.754,1.754,CHIN
CHING,62,0.0,0.0,96.774,0.0,0.0,3.226,CHING
CHINH,61,0.0,0.0,98.361,0.0,0.0,1.639,CHINH
CHIRAG,43,2.326,0.0,88.372,0.0,0.0,9.302,CHIRAG
CHITRA,31,3.226,0.0,83.871,0.0,0.0,12.903,CHITRA
CHLOE,42,0.0,0.0,9.524,4.762,4.762,80.952,CHLOE
CHONG,158,1.266,0.0,88.608,0.633,1.266,8.228,CHONG
CHRIS,2500,0.12,0.12,4.28,1.6,2.2,91.68,CHRIS
CHRISTA,375,0.0,0.0,0.0,1.067,0.8,98.133,CHRISTA
CHRISTAL,36,0.0,0.0,2.778,27.778,0.0,69.444,CHRISTAL
CHRISTEL,52,1.923,0.0,0.0,5.769,1.923,90.385,CHRISTEL
CHRISTEN,96,0.0,0.0,0.0,2.083,0.0,97.917,CHRISTEN
CHRISTI,259,0.0,0.386,1.544,0.0,1.544,96.525,CHRISTI
CHRISTIAN,1473,0.272,0.068,1.969,1.833,10.794,85.064,CHRISTIAN
CHRISTIANA,50,0.0,0.0,0.0,24.0,0.0,76.0,CHRISTIANA
CHRISTIANE,64,0.0,0.0,0.0,0.0,4.688,95.313,CHRISTIANE
CHRISTIANNE,18,0.0,0.0,0.0,0.0,0.0,100.0,CHRISTIANNE
CHRISTIE,534,0.0,0.0,2.06,2.434,2.247,93.258,CHRISTIE
CHRISTIN,88,0.0,0.0,1.136,0.0,1.136,97.727,CHRISTIN
CHRISTINA,4174,0.144,0.264,2.947,1.773,6.349,88.524,CHRISTINA
CHRISTINE,8298,0.108,0.06,3.097,1.386,1.904,93.444,CHRISTINE
CHRISTOPH,38,0.0,0.0,2.632,0.0,0.0,97.368,CHRISTOPH
CHRISTOPHE,57,0.0,0.0,1.754,0.0,0.0,98.246,CHRISTOPHE
CHRISTOPHER,20768,0.144,0.125,1.401,1.998,1.786,94.544,CHRISTOPHER
CHRISTOS,62,0.0,0.0,0.0,0.0,1.613,98.387,CHRISTOS
CHRISTY,1047,0.287,0.0,2.674,1.146,1.242,94.651,CHRISTY
CHRYSTAL,91,1.099,0.0,4.396,14.286,2.198,78.022,CHRYSTAL
CHU,31,0.0,0.0,93.548,0.0,0.0,6.452,CHU
CHUAN,32,0.0,0.0,96.875,0.0,0.0,3.125,CHUAN
CHUCK,115,0.87,0.0,17.391,0.87,0.87,80.0,CHUCK
CHUN,152,0.0,0.0,96.711,0.0,0.658,2.632,CHUN
CHUNG,161,0.0,0.0,97.516,0.621,0.0,1.863,CHUNG
CHUONG,73,0.0,0.0,97.26,0.0,0.0,2.74,CHUONG
CINDA,56,0.0,0.0,3.571,5.357,5.357,85.714,CINDA
CINDEE,20,0.0,0.0,0.0,0.0,0.0,100.0,CINDEE
CINDI,120,0.0,0.0,1.667,0.0,2.5,95.833,CINDI
CINDY,2692,0.037,0.111,5.906,0.854,3.343,89.747,CINDY
CIPRIANO,43,0.0,0.0,9.302,0.0,83.721,6.977,CIPRIANO
CIRILO,30,0.0,0.0,20.0,0.0,76.667,3.333,CIRILO
CIRO,31,0.0,0.0,3.226,0.0,48.387,48.387,CIRO
CLAIR,77,0.0,0.0,1.299,2.597,0.0,96.104,CLAIR
CLAIRE,768,0.13,0.0,2.995,1.693,1.042,94.141,CLAIRE
CLARA,430,0.0,0.0,4.651,14.884,20.233,60.233,CLARA
CLARE,236,0.424,0.0,2.542,1.271,1.271,94.492,CLARE
CLARENCE,721,0.277,0.277,4.438,27.462,0.416,67.129,CLARENCE
CLARICE,86,0.0,1.163,8.14,13.953,2.326,74.419,CLARICE
CLARISSA,117,0.855,0.0,6.838,11.111,16.239,64.957,CLARISSA
CLARK,388,0.773,0.0,2.577,3.093,0.773,92.784,CLARK
CLARKE,41,0.0,0.0,4.878,0.0,0.0,95.122,CLARKE
CLAUDE,369,0.0,0.271,0.271,12.737,1.355,85.366,CLAUDE
CLAUDETTE,173,0.578,0.0,2.312,29.48,1.734,65.896,CLAUDETTE
CLAUDIA,1569,0.255,0.191,1.02,3.697,30.784,64.054,CLAUDIA
CLAUDINE,102,0.98,0.0,1.961,9.804,3.922,83.333,CLAUDINE
CLAUDIO,130,0.0,0.0,0.769,0.769,53.077,45.385,CLAUDIO
CLAUS,20,0.0,0.0,0.0,0.0,0.0,100.0,CLAUS
CLAY,303,0.33,0.0,1.32,1.32,0.0,97.03,CLAY
CLAYTON,595,0.336,0.336,2.689,2.689,0.336,93.613,CLAYTON
CLEMENT,113,0.0,0.0,18.584,21.239,2.655,57.522,CLEMENT
CLEMENTE,61,0.0,0.0,11.475,1.639,68.852,18.033,CLEMENTE
CLEO,70,0.0,0.0,5.714,27.143,7.143,60.0,CLEO
CLEVE,20,0.0,0.0,0.0,0.0,0.0,100.0,CLEVE
CLEVELAND,43,0.0,0.0,2.326,60.465,0.0,37.209,CLEVELAND
CLIFF,118,0.0,0.0,8.475,5.932,0.847,84.746,CLIFF
CLIFFORD,1176,0.0,0.085,3.316,5.782,0.255,90.561,CLIFFORD
CLIFTON,347,0.865,0.288,2.305,20.749,0.865,74.928,CLIFTON
CLINT,364,0.275,0.275,2.747,1.374,1.099,94.231,CLINT
CLINTON,662,0.151,0.0,1.813,9.215,0.604,88.218,CLINTON
CLIVE,57,0.0,0.0,3.509,19.298,1.754,75.439,CLIVE
CLYDE,483,0.207,0.414,3.313,11.801,1.035,83.23,CLYDE
COBY,30,0.0,3.333,0.0,0.0,0.0,96.667,COBY
CODY,497,0.201,0.201,1.006,1.207,0.604,96.781,CODY
COLBY,118,0.0,0.0,0.847,0.847,0.0,98.305,COLBY
COLE,139,0.719,0.0,0.0,3.597,0.719,94.964,COLE
COLEEN,193,0.0,0.518,1.554,2.591,1.036,94.301,COLEEN
COLEMAN,41,0.0,0.0,0.0,7.317,0.0,92.683,COLEMAN
COLETTE,254,0.394,0.0,0.787,7.48,0.394,90.945,COLETTE
COLIN,632,0.158,0.0,2.057,3.006,0.316,94.462,COLIN
COLLEEN,2533,0.039,0.197,0.671,0.711,0.592,97.789,COLLEEN
COLLETTE,82,0.0,0.0,2.439,3.659,0.0,93.902,COLLETTE
COLLIN,131,0.0,0.0,3.053,4.58,1.527,90.84,COLLIN
COLM,22,0.0,0.0,0.0,0.0,0.0,100.0,COLM
COLT,17,0.0,0.0,0.0,0.0,0.0,100.0,COLT
